Page 1 of 1

November 17, 2023 — Cambridge, MA

Simmons

Sobrinho-Wheeler

Toner

Totten

Walker

Wang

Wilson
6

16

89

60

50

86

18

7

14

18

5

5

3

7

24

127

39

65

66

35

13

4

23

14

5

11

40

7

1

69

35

51

101

29

7

19

25

11

12

6

3

28

5

74

22

17

48

9

13

8

26

6

8

13

6

37

127

73

22

11

13

20

8

52

2

5

2

12

32

2

16

11

103

46

74

31

35

17

6

40

9

8

1

4

10

56

1

16

10

97

95

46

21

56

13

1

39

10

8

1

2

1

8

30

6

11

6

150

89

92

26

29

29

8

66

7

110

6

17

1

8

49

4

24

4

83

64

42

33

41

6

3

32

19

20

4

109

20

1

11

48

3

8

12

99

88

58

20

21

17

14

61

5

30

16

90

11

1

7

36

6

13

7

88

56

71

15

48

11

8

31

15

43

1

1

6

6

3

4

2

3

2

2

2

6

2

14

76

15

1

4

31

6

10

11

128

67

59

25

23

9

10

47

7

74

8

12

7

20

81

52

2

4

102

4

64

5

97

52

46

55

47

13

17

41

25

13

4

16

2

14

37

10

6

37

1

18

5

52

21

26

16

15

2

4

14

7

15

14

28

2

30

78

39

14

103

6

92

4

109

53

57

60

58

11

6

25

11

21

21

43

4

13

88

47

9

95

7

38

6

75

21

39

52

30

13

9

45

11

24

44

18

20

3

5

52

13

9

53

6

50

3

49

23

24

48

16

6

6

23

5

12

19

28

1

6

2

3

9

1

2

14

18

10

20

6

6

1

1

7

5

10

691

30

46

15

30

6

14

69

25

33

83

9

41

3

48

21

37

73

12

11

7

24

15

719

30

52

20

25

6

12

38

12

10

119

5

53

1

51

17

23

80

14

7

9

43

16

167

20

24

1

2

4

15

3

2

5

22

16

15

4

6

4

5

9

5

4

1366

26

77

65

87

6

17

93

24

1

19

298

17

99

4

113

33

56

137

18

10

9

28

15

109

996

23

58

62

18

8

13

79

32

1

14

150

21

22

3

138

48

45

125

20

16

8

47

8

25

20

9

6

8

4

1

634

16

82

1

5

20

17

53

19

2

749

41

66

5

13

3

15

49

76

703

17

89

7

16

10

9

75

487

16

75

7

6

2

12

31

537

16

51

1

5

4

7

32

713

32

103

5

7

5

21

56

708

24

99

7

13

1

10

55

16

995

33

95

18

6

4

10

139

757

34

115

4

7

4

13

801

47

91

7

8

4

721

48

77

6

4

70

8

27

751

26

82

10

946

58

115

10

391

16

51

6

951

34

88

807

36

80

518

23

181

17

9

4

14

1

4

4

18

18

8

2

4

33

9

29

1

3

34

11

3

1

43

13

1

17

44

5
1

16

126

13

5

Moree

2

2

1

1

12

1

Zusy

8

2

Winters

2

3

Pickett

10

2

Pasquarello

3

37

Nolan

33

6

Muchnik

12

143

Blank / Invalid

Siddiqui

15

4

250

Write-In

Pierre

6

2

McGuirk

3

3

McGovern

4

4

Klein

17

3

Hsu

5

12

Hanratty

21

19

Brown

34

Azeem

5

Al-Zubi

1-1
1-2
1-3
2-1
2-2
2-3
3-1
3-2
3-3
4-1
4-2
4-3
5-1
5-2
5-3
6-1
6-2
6-3
7-1
7-2
7-3
8-1
8-2
8-3
9-1
9-2
9-3
10-1
10-2
10-3
11-1
11-2
11-3
City

Total Ballots

Ward-Precinct

Official Results — Municipal Election For City Council
First Choices by Ward and Precinct

4

2

5

1

1

6
2

3

6

5
1

1

6

35

1

2

71

1

4

1

4
12

988

15

57

22

38

8

14

104

14

2

12

108

12

71

8

123

57

31

144

30

17

8

58

7

19

1

8

1201

27

82

13

39

2

45

112

29

2

33

127

12

43

5

135

49

101

174

23

23

15

59

24

24

1

2

1297

20

109

28

67

6

22

73

33

55

152

21

106

7

133

35

74

155

27

21

24

66

13

42

1

7

907

12

50

15

26

7

9

55

14

23

120

13

19

3

244

60

69

69

16

4

2

53

7

9

494

21

51

5

10

6

14

46

10

9

34

3

8

5

69

32

39

29

22

8

6

51

8

4

783

17

34

7

2

8

33

17

1

27

6

13

5

408

56

29

42

8

1

2

41

6

4

1090

26

82

8

27

5

26

77

24

23512

829

2250

407

610

151

455

2064

699

3

27

5
4
4

12

11

69

5

19

8

176

76

96

212

35

15

5

51

12

12

3

10

334

2156

256

932

224

3353

1450

1486

1987

770

352

256

1168

316

784

23

173

