Azeem

Carlone

Franklin

Kelley

Kopon

Levy

Mallon

McGovern

McNary

Mednick

Moree

Musgrave

Nolan

Pitkin

Siddiqui

Simmons

Simon

Sobrinho-Wheeler

Toomey

Williams

Zondervan

Write-in

Blank or Invalid

TOTALS

1

10
8
16
34

13
20
34
67

39
32
10
81

8
15
10
33

16
14
12
42

10
18
14
42

7
18
13
38

36
31
14
81

32
20
31
83

1
1
2
4

5
4
1
10

2
0
3
5

30
19
8
57

27
12
6
45

14
1
6
21

67
43
89
199

42
24
72
138

2
1
5
8

38
32
47
117

150
247
232
629

10
8
7
25

28
38
25
91

1
2
0
3

1
2
1
4

589
610
658
1857

2

16
2
5
23

13
148
108
269

16
2
20
38

17
0
7
24

4
2
10
16

9
2
0
11

3
0
1
4

19
7
17
43

27
3
11
41

2
0
1
3

3
1
3
7

3
0
2
5

12
4
8
24

15
1
12
28

4
0
0
4

85
14
18
117

142
11
23
176

41
0
2
43

28
7
11
46

29
0
12
41

16
0
2
18

42
11
9
62

1
1
0
2

2
0
2
4

549
216
284
1049

3

11
5
6
13
35

25
26
18
45
114

11
14
2
41
68

16
19
13
19
67

15
13
2
11
41

3
4
2
6
15

5
2
0
3
10

41
21
20
28
110

29
23
21
54
127

1
0
1
9
11

9
4
9
9
31

1
0
2
0
3

6
11
13
15
45

12
6
10
18
46

1
6
5
9
21

47
47
28
51
173

46
32
26
81
185

7
3
3
25
38

62
42
29
48
181

238
32
48
18
336

26
12
12
15
65

60
38
22
43
163

0
1
0
1
2

7
1
0
1
9

679
362
292
563
1896

4

12
11
1
24

34
36
6
76

22
40
12
74

9
10
3
22

42
28
8
78

7
12
4
23

0
2
1
3

40
43
14
97

106
121
13
240

5
7
3
15

15
14
2
31

1
0
0
1

24
14
7
45

47
40
12
99

8
32
1
41

76
63
30
169

153
79
38
270

16
13
2
31

70
62
18
150

11
20
3
34

27
16
8
51

54
51
13
118

1
0
0
1

3
12
1
16

783
726
200
1709

5

5
10
7
22

44
15
41
100

35
49
27
111

19
19
21
59

23
25
40
88

11
8
8
27

0
1
1
2

30
54
41
125

78
110
61
249

2
2
0
4

8
3
7
18

0
2
1
3

20
28
38
86

23
34
44
101

5
8
8
21

80
118
90
288

145
138
56
339

10
14
8
32

47
48
33
128

17
36
21
74

30
31
12
73

54
66
49
169

0
0
1
1

1
9
0
10

687
828
615
2130

6

11
4
7
22

30
38
32
100

38
21
42
101

14
9
2
25

48
35
36
119

13
11
15
39

1
4
4
9

78
26
74
178

39
67
53
159

4
3
3
10

26
8
12
46

1
0
1
2

17
25
25
67

32
43
40
115

122
37
69
228

61
75
59
195

65
46
46
157

8
9
10
27

59
70
53
182

40
10
44
94

13
25
19
57

71
39
45
155

0
0
0
0

0
1
5
6

791
606
696
2093

7

11
10
5
26

24
19
10
53

57
19
14
90

9
2
2
13

79
17
11
107

37
7
2
46

3
0
0
3

55
17
8
80

70
11
9
90

2
0
1
3

9
4
3
16

3
0
0
3

39
8
5
52

71
22
8
101

35
20
6
61

93
18
15
126

28
22
12
62

15
3
10
28

41
31
14
86

4
3
7
14

26
12
10
48

57
16
15
88

0
0
0
0

2
1
0
3

770
262
167
1199

8

10
3
7
20

11
9
2
22

62
80
4
146

3
5
0
8

40
56
5
101

26
33
2
61

3
0
2
5

24
20
4
48

29
23
6
58

0
5
0
5

4
2
0
6

0
0
0
0

16
13
6
35

48
77
11
136

7
14
1
22

45
31
13
89

29
28
6
63

6
2
2
10

25
17
1
43

11
7
1
19

17
50
3
70

31
49
3
83

0
0
0
0

0
3
0
3

447
527
79
1053

9

8
16
10
34

8
9
9
26

169
101
56
326

4
8
4
16

120
64
73
257

50
36
26
112

3
6
1
10

59
86
71
216

88
78
91
257

3
3
4
10

10
6
12
28

1
2
1
4

24
30
18
72

288
192
119
599

15
13
10
38

77
106
67
250

32
45
52
129

4
7
9
20

23
31
27
81

36
92
78
206

40
38
20
98

50
70
49
169

0
0
4
4

4
4
3
11

1116
1043
814
2973

10

19
15
42
76

14
18
17
49

65
211
48
324

10
5
10
25

131
114
58
303

21
55
11
87

3
1
2
6

53
62
51
166

52
71
59
182

2
4
1
7

23
6
5
34

2
2
5
9

51
41
25
117

90
119
76
285

11
21
7
39

128
84
102
314

63
33
103
199

9
4
9
22

61
46
31
138

34
31
27
92

24
24
21
69

67
53
43
163

1
0
0
1

0
1
9
10

934
1021
762
2717

11

1
2
3
WARD 11 TOTALS

17
9
20
46

29
34
22
85

18
65
37
120

10
12
9
31

16
179
75
270

6
16
8
30

5
7
8
20

20
58
34
112

23
60
52
135

1
3
1
5

4
11
2
17

2
9
1
12

9
84
33
126

8
74
48
130

5
24
11
40

292
176
128
596

107
76
106
289

5
8
22
35

14
108
47
169

21
79
90
190

8
19
30
57

8
44
69
121

1
0
2
3

3
1
5
9

632
1156
860
2648

TOTAL

362

961 1479 323 1422 493

110

1256 1621

77

244

47

726 1685 536 2516 2007

294

1321 1729

631

1382

17

85

21324

CANDIDATES

Akiba

OFFICIAL RESULTS OF ELECTIONS HELD ON NOVEMBER 5, 2019
FIRST CHOICES FOR CITY COUNCIL BY WARD AND PRECINCT
CAMBRIDGE, MASSACHUSETTS

WD

PCT
1
2
3
WARD 1 TOTALS
1
2
3
WARD 2 TOTALS
1
2
2A
3
WARD 3 TOTALS
1
2
3
WARD 4 TOTALS
1
2
3
WARD 5 TOTALS
1
2
3
WARD 6 TOTALS
1
2
3
WARD 7 TOTALS
1
2
3
WARD 8 TOTALS
1
2
3
WARD 9 TOTALS
1
2
3
WARD 10 TOTALS

`

